0 0.388656 0.274376 0.103654 0.130791 0.828963
0 0.152689 0.695547 0.0758331 0.107992 0.797548
0 0.626288 0.675475 0.0876899 0.104014 0.786094
0 0.612909 0.129499 0.0796757 0.0996302 0.756417
0 0.219377 0.317771 0.0772912 0.10896 0.716857
0 0.444293 0.126642 0.101407 0.0741005 0.629751
0 0.356508 0.143208 0.0699344 0.0573789 0.317718
0 0.388656 0.274376 0.103654 0.130791 0.828963
0 0.152689 0.695547 0.0758331 0.107992 0.797548
0 0.626288 0.675475 0.0876899 0.104014 0.786094
0 0.612909 0.129499 0.0796757 0.0996302 0.756417
0 0.219377 0.317771 0.0772912 0.10896 0.716857
0 0.444293 0.126642 0.101407 0.0741005 0.629751
0 0.356508 0.143208 0.0699344 0.0573789 0.317718
