0 0.286058 0.871372 0.118691 0.202376 0.727042
0 0.132806 0.802173 0.101003 0.185878 0.722616
0 0.394643 0.690311 0.0756173 0.127428 0.712731
0 0.427077 0.503727 0.0670982 0.112718 0.707776
0 0.863818 0.674911 0.100022 0.17234 0.705196
0 0.518751 0.16027 0.130936 0.196772 0.698539
0 0.961125 0.561198 0.0769539 0.191184 0.696969
0 0.688587 0.71326 0.0966415 0.199631 0.694724
0 0.858927 0.195878 0.0920732 0.148182 0.685632
0 0.619716 0.202925 0.0885538 0.103914 0.68535
0 0.222658 0.76037 0.0756385 0.0904552 0.654852
0 0.770406 0.63316 0.0936459 0.118167 0.646946
0 0.485389 0.548912 0.100715 0.174088 0.640687
0 0.590411 0.923852 0.0886805 0.140288 0.637766
0 0.324394 0.673533 0.0575441 0.073452 0.60654
0 0.748599 0.910144 0.0863741 0.142348 0.603921
0 0.700555 0.499082 0.0684622 0.10089 0.580351
0 0.563775 0.827848 0.0760128 0.0881227 0.552221
0 0.700778 0.315442 0.0611572 0.11997 0.516606
0 0.363982 0.169306 0.0835147 0.0741601 0.487435
0 0.528438 0.377347 0.0594503 0.110464 0.487206
0 0.486684 0.302138 0.0622684 0.0954144 0.465573
0 0.590148 0.360545 0.0650528 0.0871107 0.459359
0 0.782276 0.538824 0.0693554 0.109521 0.441471
0 0.470616 0.818793 0.0881348 0.148738 0.354406
0 0.0557027 0.451481 0.0780848 0.104892 0.34865
0 0.649546 0.266966 0.0663018 0.103683 0.347519
0 0.0424192 0.578824 0.0749208 0.0669102 0.34303
0 0.701138 0.228041 0.0651013 0.0864312 0.307554
0 0.322372 0.606165 0.0857484 0.088653 0.299339
