0 0.668385 0.526972 0.076573 0.0790634 0.789796
0 0.559722 0.440254 0.0584403 0.0718906 0.732285
0 0.512314 0.281847 0.0578768 0.0568675 0.708475
0 0.644014 0.400612 0.0662088 0.065521 0.706802
0 0.52853 0.347892 0.0592153 0.0584814 0.670376
0 0.59262 0.388127 0.0467899 0.0578042 0.592541
0 0.679218 0.454601 0.0454435 0.0601435 0.522285
0 0.537002 0.397025 0.0470757 0.0545318 0.473586
0 0.635182 0.494447 0.0507309 0.059127 0.431166
0 0.508416 0.523776 0.0499025 0.0541578 0.408192
0 0.564675 0.382701 0.0357365 0.0518108 0.370677
0 0.481548 0.362552 0.068862 0.074615 0.347096
0 0.597081 0.442428 0.0384027 0.03762 0.277667
